genetic distance set from physical distance
genotype file processed
number of samples used: 1526 number of snps used: 306
Using 11 threads, and partial sum lookup algorithm.
total number of snps killed in pass: 0  used: 306

## Tracy-Widom statistics: rows: 1526  cols: 306
  #N    eigenvalue  difference    twstat      p-value effect. n
   1    187.333901          NA   118.617            0    62.654
   2     35.806263 -151.527638   119.804            0   450.216
   3     19.271329  -16.534933    44.584  3.52245e-88   566.775
   4     17.222140   -2.049189    34.966  7.94022e-62   594.664
   5     12.421242   -4.800898     2.447   0.00478118   616.278
   6     12.239962   -0.181280     2.069   0.00926544   620.376
   7     11.860660   -0.379302     0.121     0.147141   624.373
   8     11.720618   -0.140041    -0.073     0.181651   627.648
   9     11.542958   -0.177660    -0.584      0.29782   630.885
  10     11.493536   -0.049422    -0.106     0.188102   633.959
  11     11.374845   -0.118690    -0.171      0.20113   637.254
  12     11.195334   -0.179512    -0.745     0.341486   640.561
  13     11.122186   -0.073148    -0.481      0.27156   643.676
  14     10.934026   -0.188160    -1.170      0.46893   646.931
  15     10.752181   -0.181845    -1.851     0.682555   649.947
  16     10.561082   -0.191099    -2.653     0.878208   652.724
  17     10.471912   -0.089170    -2.628      0.87357   655.215
  18     10.316942   -0.154970    -3.178     0.949742   657.741
  19     10.124825   -0.192116    -4.085     0.994023   660.078
  20      9.995102   -0.129723    -4.492     0.998267   662.084
  21      9.924632   -0.070470    -4.396     0.997639   663.954
  22      9.794670   -0.129963    -4.834     0.999476   665.878
  23      9.651431   -0.143239    -5.417     0.999952   667.650
  24      9.619097   -0.032333    -5.022     0.999746   669.214
  25      9.498723   -0.120374    -5.422     0.999953   670.944
  26      9.435290   -0.063433    -5.319     0.999926   672.535
  27      9.284767   -0.150523    -6.027     0.999998   674.179
  28      9.158757   -0.126011    -6.540            1   675.563
  29      9.099582   -0.059174    -6.448            1   676.761
  30      9.049095   -0.050488    -6.274     0.999999   678.004
  31      8.995092   -0.054002    -6.131     0.999999   679.324
  32      8.950098   -0.044994    -5.899     0.999995   680.712
  33      8.858098   -0.092000    -6.119     0.999999   682.203
  34      8.729325   -0.128773    -6.714            1   683.618
  35      8.632842   -0.096483    -7.020            1   684.808
  36      8.552137   -0.080705    -7.185            1   685.887
  37      8.490795   -0.061343    -7.168            1   686.908
  38      8.418867   -0.071927    -7.260            1   687.944
  39      8.309271   -0.109597    -7.743            1   688.950
  40      8.274826   -0.034444    -7.481            1   689.772
  41      8.214201   -0.060625    -7.482            1   690.704
  42      8.162204   -0.051997    -7.397            1   691.641
  43      8.111533   -0.050672    -7.300            1   692.619
  44      7.973463   -0.138070    -8.119            1   693.644
  45      7.934227   -0.039236    -7.931            1   694.342
  46      7.877861   -0.056366    -7.922            1   695.120
  47      7.813867   -0.063994    -7.998            1   695.907
  48      7.782172   -0.031695    -7.732            1   696.668
  49      7.714569   -0.067604    -7.849            1   697.543
  50      7.627323   -0.087245    -8.189            1   698.374
  51      7.556567   -0.070756    -8.365            1   699.069
  52      7.534160   -0.022407    -8.018            1   699.694
  53      7.512828   -0.021332    -7.648            1   700.468
  54      7.414141   -0.098686    -8.134            1   701.405
  55      7.326446   -0.087696    -8.518            1   702.138
  56      7.288172   -0.038274    -8.361            1   702.712
  57      7.266316   -0.021856    -8.015            1   703.355
  58      7.167300   -0.099016    -8.544            1   704.151
  59      7.097552   -0.069748    -8.760            1   704.722
  60      7.056786   -0.040766    -8.650            1   705.201
  61      7.030778   -0.026008    -8.367            1   705.729
  62      6.990454   -0.040324    -8.246            1   706.383
  63      6.936687   -0.053767    -8.282            1   707.095
  64      6.872188   -0.064499    -8.451            1   707.793
  65      6.822529   -0.049659    -8.453            1   708.419
  66      6.808801   -0.013729    -8.025            1   709.046
  67      6.782373   -0.026427    -7.737            1   709.872
  68      6.637773   -0.144601    -8.887            1   710.836
  69      6.624330   -0.013442    -8.472            1   711.274
  70      6.575655   -0.048675    -8.481            1   711.902
  71      6.480676   -0.094980    -9.071            1   712.529
  72      6.425963   -0.054712    -9.182            1   712.884
  73      6.387623   -0.038340    -9.095            1   713.187
  74      6.361311   -0.026313    -8.855            1   713.530
  75      6.322779   -0.038532    -8.766            1   713.984
  76      6.248328   -0.074451    -9.137            1   714.482
  77      6.175298   -0.073030    -9.507            1   714.803
  78      6.162129   -0.013169    -9.118            1   714.947
  79      6.133613   -0.028516    -8.918            1   715.275
  80      6.115970   -0.017643    -8.570            1   715.698
  81      6.006836   -0.109134    -9.422            1   716.291
  82      5.971780   -0.035057    -9.325            1   716.468
  83      5.894573   -0.077207    -9.791            1   716.690
  84      5.884373   -0.010199    -9.377            1   716.681
  85      5.854088   -0.030285    -9.222            1   716.871
  86      5.817804   -0.036284    -9.146            1   717.135
  87      5.789274   -0.028530    -8.964            1   717.435
  88      5.726741   -0.062533    -9.247            1   717.825
  89      5.711168   -0.015573    -8.894            1   718.070
  90      5.666678   -0.044490    -8.933            1   718.494
  91      5.619858   -0.046820    -9.009            1   718.896
  92      5.607505   -0.012353    -8.606            1   719.258
  93      5.576794   -0.030711    -8.451            1   719.830
  94      5.531063   -0.045731    -8.508            1   720.486
  95      5.455407   -0.075656    -9.001            1   721.113
  96      5.443321   -0.012086    -8.598            1   721.474
  97      5.398735   -0.044586    -8.655            1   722.052
  98      5.333738   -0.064997    -9.018            1   722.598
  99      5.303395   -0.030343    -8.887            1   722.944
 100      5.286372   -0.017023    -8.558            1   723.359
 101      5.206109   -0.080263    -9.162            1   723.958
 102      5.176306   -0.029803    -9.037            1   724.216
 103      5.165361   -0.010945    -8.626            1   724.541
 104      5.136556   -0.028805    -8.472            1   725.098
 105      5.094043   -0.042513    -8.525            1   725.742
 106      5.046974   -0.047069    -8.655            1   726.356
 107      5.003460   -0.043514    -8.739            1   726.893
 108      4.964359   -0.039101    -8.761            1   727.379
 109      4.914601   -0.049758    -8.955            1   727.850
 110      4.879815   -0.034785    -8.924            1   728.204
 111      4.837381   -0.042434    -9.017            1   728.573
 112      4.809533   -0.027848    -8.884            1   728.882
 113      4.766071   -0.043463    -9.000            1   729.267
 114      4.736826   -0.029244    -8.895            1   729.578
 115      4.669734   -0.067092    -9.405            1   729.949
 116      4.656373   -0.013361    -9.059            1   730.003
 117      4.626792   -0.029581    -8.970            1   730.263
 118      4.602824   -0.023968    -8.788            1   730.572
 119      4.573301   -0.029523    -8.694            1   730.993
 120      4.546601   -0.026700    -8.552            1   731.469
 121      4.493928   -0.052673    -8.846            1   732.035
 122      4.484539   -0.009389    -8.421            1   732.405
 123      4.393444   -0.091095    -9.380            1   733.051
 124      4.378887   -0.014557    -9.066            1   733.065
 125      4.352174   -0.026713    -8.952            1   733.275
 126      4.321253   -0.030921    -8.910            1   733.554
 127      4.283065   -0.038187    -8.997            1   733.854
 128      4.265907   -0.017158    -8.720            1   734.089
 129      4.231653   -0.034254    -8.739            1   734.505
 130      4.196103   -0.035550    -8.785            1   734.904
 131      4.131705   -0.064397    -9.356            1   735.264
 132      4.127455   -0.004251    -8.867            1   735.222
 133      4.104914   -0.022541    -8.693            1   735.509
 134      4.088664   -0.016249    -8.400            1   735.914
 135      4.055549   -0.033116    -8.408            1   736.524
 136      4.027175   -0.028374    -8.333            1   737.124
 137      4.008922   -0.018252    -8.069            1   737.776
 138      3.955984   -0.052938    -8.449            1   738.622
 139      3.908211   -0.047773    -8.753            1   739.179
 140      3.870670   -0.037541    -8.880            1   739.502
 141      3.862113   -0.008558    -8.460            1   739.719
 142      3.833143   -0.028969    -8.419            1   740.248
 143      3.783262   -0.049882    -8.786            1   740.803
 144      3.760367   -0.022895    -8.647            1   741.064
 145      3.727049   -0.033318    -8.709            1   741.425
 146      3.707878   -0.019171    -8.499            1   741.728
 147      3.672209   -0.035670    -8.611            1   742.188
 148      3.634739   -0.037470    -8.768            1   742.550
 149      3.617420   -0.017319    -8.530            1   742.774
 150      3.596010   -0.021411    -8.367            1   743.182
 151      3.582325   -0.013685    -8.042            1   743.716
 152      3.515833   -0.066491    -8.794            1   744.517
 153      3.501954   -0.013880    -8.495            1   744.674
 154      3.487406   -0.014548    -8.199            1   745.071
 155      3.451378   -0.036028    -8.344            1   745.715
 156      3.415228   -0.036150    -8.503            1   746.223
 157      3.385085   -0.030143    -8.545            1   746.581
 158      3.371698   -0.013387    -8.235            1   746.888
 159      3.352206   -0.019492    -8.045            1   747.462
 160      3.312419   -0.039787    -8.291            1   748.199
 161      3.271474   -0.040945    -8.578            1   748.701
 162      3.237751   -0.033723    -8.724            1   748.926
 163      3.216198   -0.021553    -8.612            1   749.001
 164      3.206296   -0.009902    -8.239            1   749.162
 165      3.200027   -0.006269    -7.769            1   749.660
 166      3.139921   -0.060105    -8.496            1   750.604
 167      3.126695   -0.013226    -8.198            1   750.827
 168      3.087338   -0.039357    -8.487            1   751.326
 169      3.078833   -0.008505    -8.084            1   751.524
 170      3.046360   -0.032472    -8.220            1   752.108
 171      3.033687   -0.012673    -7.906            1   752.539
 172      2.988663   -0.045024    -8.340            1   753.279
 173      2.956942   -0.031721    -8.485            1   753.555
 174      2.944474   -0.012467    -8.183            1   753.660
 175      2.931006   -0.013469    -7.894            1   754.060
 176      2.878873   -0.052132    -8.528            1   754.755
 177      2.869160   -0.009713    -8.167            1   754.749
 178      2.834207   -0.034953    -8.410            1   755.109
 179      2.826570   -0.007638    -7.996            1   755.182
 180      2.819644   -0.006926    -7.547            1   755.692
 181      2.805701   -0.013943    -7.254            1   756.699
 182      2.772773   -0.032928    -7.426            1   758.042
 183      2.751111   -0.021662    -7.327            1   759.172
 184      2.743959   -0.007152    -6.857            1   760.411
 185      2.700126   -0.043833    -7.309            1   762.226
 186      2.676670   -0.023456    -7.264            1   763.470
 187      2.655586   -0.021084    -7.159            1   764.762
 188      2.638599   -0.016986    -6.945            1   766.177
 189      2.587068   -0.051531    -7.643            1   767.865
 190      2.573655   -0.013414    -7.365            1   768.631
 191      2.557597   -0.016058    -7.147            1   769.742
 192      2.506496   -0.051101    -7.874            1   771.132
 193      2.487193   -0.019304    -7.777            1   771.526
 194      2.481073   -0.006119    -7.315            1   772.021
 195      2.470426   -0.010647    -6.957            1   773.125
 196      2.425105   -0.045321    -7.554            1   774.723
 197      2.414637   -0.010468    -7.207            1   775.449
 198      2.407330   -0.007307    -6.755            1   776.651
 199      2.376388   -0.030943    -6.958            1   778.511
 200      2.324376   -0.052011    -7.789            1   780.053
 201      2.319786   -0.004590    -7.293            1   780.323
 202      2.299904   -0.019882    -7.221            1   781.306
 203      2.262372   -0.037532    -7.671            1   782.374
 204      2.239224   -0.023148    -7.726            1   782.707
 205      2.227003   -0.012221    -7.460            1   782.914
 206      2.205681   -0.021322    -7.458            1   783.500
 207      2.162210   -0.043471    -8.134            1   784.050
 208      2.147021   -0.015189    -7.989            1   783.459
 209      2.127782   -0.019239    -7.964            1   783.041
 210      2.113210   -0.014572    -7.798            1   782.603
 211      2.101219   -0.011991    -7.545            1   782.383
 212      2.073848   -0.027371    -7.764            1   782.537
 213      2.058410   -0.015438    -7.624            1   782.254
 214      2.039459   -0.018951    -7.592            1   782.153
 215      2.015246   -0.024213    -7.731            1   782.048
 216      2.008977   -0.006270    -7.304            1   781.625
 217      2.003370   -0.005607    -6.834            1   781.925
 218      1.978511   -0.024859    -6.967            1   783.078
 219      1.942719   -0.035791    -7.475            1   783.922
 220      1.924521   -0.018198    -7.437            1   783.706
 221      1.920678   -0.003843    -6.922            1   783.489
 222      1.913535   -0.007143    -6.488            1   784.250
 223      1.877434   -0.036100    -7.012            1   785.881
 224      1.872384   -0.005050    -6.517            1   786.330
 225      1.861542   -0.010842    -6.191     0.999999   787.803
 226      1.835921   -0.025621    -6.361            1   789.976
 227      1.822530   -0.013390    -6.121     0.999999   791.714
 228      1.785349   -0.037181    -6.713            1   793.981
 229      1.773207   -0.012142    -6.460            1   794.775
 230      1.769832   -0.003375    -5.878     0.999995   796.112
 231      1.744952   -0.024880    -6.039     0.999998   798.870
 232      1.723257   -0.021695    -6.103     0.999998   801.173
 233      1.717715   -0.005542    -5.580     0.999977   803.259
 234      1.692963   -0.024751    -5.740      0.99999   806.740
 235      1.674087   -0.018876    -5.698     0.999987   809.746
 236      1.660511   -0.013576    -5.458      0.99996   812.839
 237      1.637638   -0.022874    -5.564     0.999976   816.620
 238      1.617677   -0.019960    -5.573     0.999977   820.057
 239      1.582944   -0.034733    -6.173     0.999999   823.433
 240      1.571674   -0.011270    -5.898     0.999995   824.867
 241      1.551722   -0.019952    -5.954     0.999997   827.081
 242      1.520100   -0.031622    -6.495            1   829.025
 243      1.505723   -0.014377    -6.383            1   829.080
 244      1.492789   -0.012934    -6.209     0.999999   829.352
 245      1.486019   -0.006770    -5.771     0.999991   830.070
 246      1.471333   -0.014686    -5.631     0.999982   832.212
 247      1.446333   -0.025000    -5.921     0.999996   834.766
 248      1.430240   -0.016094    -5.866     0.999995   836.106
 249      1.408991   -0.021249    -6.033     0.999998   837.511
 250      1.389625   -0.019366    -6.141     0.999999   838.097
 251      1.368276   -0.021348    -6.350            1   838.063
 252      1.365671   -0.002605    -5.762     0.999991   836.963
 253      1.340026   -0.025645    -6.145     0.999999   838.093
 254      1.331831   -0.008194    -5.792     0.999992   837.358
 255      1.319375   -0.012457    -5.603      0.99998   837.936
 256      1.301431   -0.017944    -5.652     0.999984   839.160
 257      1.290053   -0.011378    -5.413     0.999951   839.926
 258      1.281094   -0.008959    -5.046     0.999768   841.638
 259      1.271479   -0.009615    -4.677     0.999077   845.062
 260      1.262728   -0.008751    -4.235     0.996126   850.380
 261      1.237354   -0.025374    -4.543     0.998538   858.253
 262      1.224958   -0.012396    -4.273     0.996543   864.203
 263      1.205142   -0.019817    -4.343     0.997216   871.807
 264      1.190833   -0.014309    -4.161     0.995183   878.895
 265      1.169834   -0.020999    -4.303     0.996847   887.204
 266      1.160200   -0.009634    -3.895     0.989998   894.422
 267      1.136967   -0.023234    -4.149     0.995011   904.726
 268      1.112614   -0.024353    -4.509     0.998365   912.979
 269      1.093976   -0.018638    -4.626     0.998896   918.092
 270      1.088542   -0.005434    -4.057     0.993536   921.898
 271      1.068943   -0.019598    -4.192     0.995599   930.466
 272      1.045850   -0.023093    -4.550     0.998574   937.549
 273      1.041697   -0.004153    -3.914     0.990468   940.759
 274      1.021122   -0.020574    -4.122     0.994609   950.111
 275      1.007801   -0.013321    -3.959     0.991537   956.866
 276      0.989967   -0.017835    -4.044     0.993285   965.096
 277      0.973264   -0.016702    -4.087     0.994059   971.837
 278      0.966671   -0.006593    -3.550     0.976826   977.418
 279      0.938002   -0.028669    -4.263     0.996434   989.918
 280      0.931000   -0.007002    -3.788      0.98683   991.463
 281      0.917632   -0.013368    -3.635     0.980973   999.198
 282      0.909642   -0.007990    -3.133     0.945337  1008.684
 283      0.896247   -0.013395    -2.888      0.91576  1026.899
 284      0.873904   -0.022343    -3.189     0.950793  1050.251
 285      0.854943   -0.018960    -3.352     0.964502  1066.856
 286      0.849774   -0.005169    -2.645     0.876645  1078.808
 287      0.815572   -0.034202    -3.772     0.986307  1108.852
 288      0.813547   -0.002025    -2.945     0.923406  1106.555
 289      0.794714   -0.018833    -3.119     0.943819  1126.290
 290      0.777169   -0.017544    -3.261     0.957237  1138.553
 291      0.764765   -0.012405    -3.082     0.939885  1142.871
 292      0.750886   -0.013879    -2.977     0.927542  1150.510
 293      0.727968   -0.022917    -3.516     0.975035  1158.729
 294      0.719146   -0.008823    -3.168     0.948829  1135.980
 295      0.716240   -0.002905    -2.311     0.806726  1122.199
 296      0.701263   -0.014977    -2.071     0.745457  1154.686
 297      0.679790   -0.021473    -2.251     0.792194  1204.039
 298      0.666632   -0.013158        NA           NA        NA
 299      0.650910   -0.015722        NA           NA        NA
 300      0.627524   -0.023386        NA           NA        NA
 301      0.609604   -0.017920        NA           NA        NA
 302      0.579753   -0.029851        NA           NA        NA
 303      0.573056   -0.006697        NA           NA        NA
 304      0.563256   -0.009801        NA           NA        NA
 305      0.531063   -0.032193        NA           NA        NA
 306      0.481306   -0.049757        NA           NA        NA
    kurtosis           snps    indivs
 eigenvector    1     2.726     2.932
 eigenvector    2     3.219     4.347
 eigenvector    3     2.946     5.905
 eigenvector    4     3.367     5.660
 eigenvector    5     3.059     6.988
 eigenvector    6     2.842     5.739
 eigenvector    7     2.737     6.350
 eigenvector    8     3.106     6.290
 eigenvector    9     2.799     6.666
 eigenvector   10     3.058     7.395
population:   0              Control 1526
eigbestsnp    1            rs2493410  1    120310326     2.614
eigbestsnp    1            rs6914006  6     90014480     2.331
eigbestsnp    1               rs9518 18     75389794     2.193
eigbestsnp    1             rs724224  7     86163556     2.181
eigbestsnp    1             rs896543  2    237173946     2.171
eigbestsnp    1           rs10847805 12    128268673     2.153
eigbestsnp    1            rs6039659 20      9959075     2.139
eigbestsnp    1           rs10847207 12    125795207     2.130
eigbestsnp    1            rs2181073  9     14000270     2.128
eigbestsnp    1            rs7263789 20     15620760     2.001
eigbestsnp    2            rs6794082  3    168087271     3.087
eigbestsnp    2            rs6416127 11     45196535     2.918
eigbestsnp    2           rs11695297  2      1842012     2.810
eigbestsnp    2           rs12960801 18     65393270     2.730
eigbestsnp    2            rs3922802 12     65106544     2.454
eigbestsnp    2            rs9937453 16     22063130     2.418
eigbestsnp    2            rs1325619 13     78026569     2.413
eigbestsnp    2              rs33874  5    171038274     2.357
eigbestsnp    2           rs13242914  7     37455929     2.336
eigbestsnp    2            rs8066842 17     52619832     2.317
eigbestsnp    3           rs13024454  2    113865530     3.148
eigbestsnp    3           rs11767300  7     45631833     3.033
eigbestsnp    3           rs11607194 11    110819734     2.824
eigbestsnp    3            rs2296241 20     52219626     2.640
eigbestsnp    3 AFFX-SNP_6114239__rs10904908 10     17300296     2.594
eigbestsnp    3             rs110374 22     19469955     2.306
eigbestsnp    3            rs2850336  4    102397081     2.232
eigbestsnp    3            rs4361453  4    118440999     2.170
eigbestsnp    3               rs9297  1    153373174     2.140
eigbestsnp    3            rs7899603 10     94214997     2.099
eigbestsnp    4            rs4393926  3     97267562     3.440
eigbestsnp    4            rs4692709  4    170465124     3.139
eigbestsnp    4            rs2621174 18       453146     3.047
eigbestsnp    4            rs4804959 19     36495171     2.899
eigbestsnp    4            rs9767615  6    144377287     2.269
eigbestsnp    4            rs1791598 11    106007283     2.218
eigbestsnp    4            rs2047264  1    200153025     2.211
eigbestsnp    4           rs10075739  5     13942785     2.150
eigbestsnp    4            rs7553871  1    203828825     2.099
eigbestsnp    4               rs9297  1    153373174     2.076
eigbestsnp    5           rs12515399  5    179041108     3.361
eigbestsnp    5           rs10204803  2     58758359     2.763
eigbestsnp    5             rs456578 20     46220350     2.694
eigbestsnp    5            rs1038323  2    213469786     2.487
eigbestsnp    5            rs7244736 18     71299245     2.480
eigbestsnp    5            rs2185217  1    163052869     2.441
eigbestsnp    5           rs10857619 10     49577319     2.338
eigbestsnp    5           rs11766137  7     66628673     2.296
eigbestsnp    5             rs712778  3      7443858     2.195
eigbestsnp    5            rs4691855  4    163699612     2.187
eigbestsnp    6            rs1215413  5      3204627     2.747
eigbestsnp    6            rs5763138 22     28047716     2.735
eigbestsnp    6            rs2270820  5    157090950     2.681
eigbestsnp    6            rs2621174 18       453146     2.366
eigbestsnp    6            rs1472122  3    152517292     2.355
eigbestsnp    6             rs532769 11    132090226     2.300
eigbestsnp    6           rs12545749  8      3151740     2.239
eigbestsnp    6           rs10738467  9     16900677     2.235
eigbestsnp    6             rs276370  6     28023066     2.159
eigbestsnp    6             rs631887  9     78302020     2.148
eigbestsnp    7            rs7659596  4     54744508     2.900
eigbestsnp    7            rs1065375 16     54926190     2.601
eigbestsnp    7           rs13133185  4     11590970     2.474
eigbestsnp    7            rs1920568 12    113154115     2.418
eigbestsnp    7            rs7833560  8    128141201     2.397
eigbestsnp    7            rs6838110  4     22220196     2.318
eigbestsnp    7            rs4414995  4    184754485     2.279
eigbestsnp    7            rs1472122  3    152517292     2.228
eigbestsnp    7            rs2185217  1    163052869     2.199
eigbestsnp    7           rs10738467  9     16900677     2.125
eigbestsnp    8            rs2505780 10     86450149     3.390
eigbestsnp    8            rs1656182  4     36967731     3.242
eigbestsnp    8            rs2992650  1    219214335     2.815
eigbestsnp    8            rs1371255  4    161583290     2.366
eigbestsnp    8           rs13165556  5    146413671     2.340
eigbestsnp    8            rs6695790  1    156319590     2.311
eigbestsnp    8             rs294983  5     73757965     2.287
eigbestsnp    8              rs11780 20     43000201     2.186
eigbestsnp    8            rs1471738  3    102398652     2.169
eigbestsnp    8            rs9850286  3     96688212     2.034
eigbestsnp    9           rs12932862 16     84896615     2.867
eigbestsnp    9           rs11154284  6    125380052     2.829
eigbestsnp    9            rs4799153 18     73932836     2.685
eigbestsnp    9            rs1371255  4    161583290     2.570
eigbestsnp    9            rs6753071  2     19906550     2.425
eigbestsnp    9            rs2274393  6      6127604     2.304
eigbestsnp    9            rs7746517  6    152705622     2.292
eigbestsnp    9            rs8131483 21     28699920     2.090
eigbestsnp    9            rs2836027 21     38157986     2.083
eigbestsnp    9            rs1029212  6    134213172     2.068
eigbestsnp   10            rs9604740 22     16253099     3.136
eigbestsnp   10            rs4742051  9      4848997     2.953
eigbestsnp   10            rs8016561 14     88329595     2.768
eigbestsnp   10            rs2509616 11    125334114     2.631
eigbestsnp   10             rs266863 19     56047462     2.406
eigbestsnp   10           rs12422603 12    128230863     2.400
eigbestsnp   10            rs1465556 19     57370875     2.383
eigbestsnp   10            rs7984523 13     41576357     2.353
eigbestsnp   10           rs11204440 20     59407527     2.245
eigbestsnp   10           rs12646102  4    190626484     2.199
##end of smartpca run
